Temp: 20.0
AirPressure: 1013.25
Station: BEIJINGXI
Platform: 1
RailNum: 2
Date: 20151202
Department: JIANDING
Name: WANGQIANG
RailType: 70
BiasX: 0.000
BiasY: 0.000
BiasZ: 0.000
rail:        1   0.000   1.000   0.000   0.000   0.000   0.000
rail:        2   0.000   2.000   0.000   0.000   0.000   0.000
rail:        3   0.000   3.000   0.000   0.000   0.000   0.000
rail:        4   0.000   4.000   0.000   0.000   0.000   0.000
rail:        5   0.000   5.000   0.000   0.000   0.000   0.000
rail:        6   0.000   6.000   0.000   0.000   0.000   0.000
rail:        7   0.000   7.000   0.000   0.000   0.000   0.000
rail:        8   0.000   8.000   0.000   0.000   0.000   0.000
rail:        9   0.000   9.000   0.000   0.000   0.000   0.000
rail:       10   0.000  10.000   0.000   0.000   0.000   0.000
rail:       11   0.000  11.000   0.000   0.000   0.000   0.000
rail:       12   0.000  12.000   0.000   0.000   0.000   0.000
rail:       13   0.000  13.000   0.000   0.000   0.000   0.000
rail:       14   0.000  14.000   0.000   0.000   0.000   0.000
rail:       15   0.000  15.000   0.000   0.000   0.000   0.000
rail:       16   0.000  16.000   0.000   0.000   0.000   0.000
rail:       17   0.000  17.000   0.000   0.000   0.000   0.000
rail:       18   0.000  18.000   0.000   0.000   0.000   0.000
rail:       19   0.000  19.000   0.000   0.000   0.000   0.000
rail:       20   0.000  20.000   0.000   0.000   0.000   0.000
rail:       21   0.000  21.000   0.000   0.000   0.000   0.000
roof:        1   0.000   1.000   0.000   0.000   0.000   0.000
roof:        2   0.000   2.000   0.000   0.000   0.000   0.000
roof:        3   0.000   3.000   0.000   0.000   0.000   0.000
roof:        4   0.000   4.000   0.000   0.000   0.000   0.000
roof:        5   0.000   5.000   0.000   0.000   0.000   0.000
roof:        6   0.000   6.000   0.000   0.000   0.000   0.000
roof:        7   0.000   7.000   0.000   0.000   0.000   0.000
roof:        8   0.000   8.000   0.000   0.000   0.000   0.000
roof:        9   0.000   9.000   0.000   0.000   0.000   0.000
roof:       10   0.000  10.000   0.000   0.000   0.000   0.000
roof:       11   0.000  11.000   0.000   0.000   0.000   0.000
roof:       12   0.000  12.000   0.000   0.000   0.000   0.000
roof:       13   0.000  13.000   0.000   0.000   0.000   0.000
roof:       14   0.000  14.000   0.000   0.000   0.000   0.000
rail:       22   0.000  22.000   0.000   0.000   0.000   0.000
rail:       23   0.000  23.000   0.000   0.000   0.000   0.000
rail:       24   0.000  24.000   0.000   0.000   0.000   0.000
rail:       25   0.000  25.000   0.000   0.000   0.000   0.000
rail:       26   0.000  26.000   0.000   0.000   0.000   0.000
rail:       27   0.000  27.000   0.000   0.000   0.000   0.000
rail:       28   0.000  28.000   0.000   0.000   0.000   0.000
rail:       29   0.000  29.000   0.000   0.000   0.000   0.000
rail:       25   0.000  30.000   0.000   0.000   0.000   0.000
roof:       15   0.000  15.000   0.000   0.000   0.000   0.000
roof:       16   0.000  16.000   0.000   0.000   0.000   0.000
roof:       17   0.000  17.000   0.000   0.000   0.000   0.000
roof:       18   0.000  18.000   0.000   0.000   0.000   0.000
roof:       19   0.000  19.000   0.000   0.000   0.000   0.000
roof:       20   0.000  20.000   0.000   0.000   0.000   0.000
roof:       21   0.000  21.000   0.000   0.000   0.000   0.000
roof:       22   0.000  22.000   0.000   0.000   0.000   0.000
roof:       23   0.000  23.000   0.000   0.000   0.000   0.000
roof:       24   0.000  24.000   0.000   0.000   0.000   0.000
roof:       25   0.000  25.000   0.000   0.000   0.000   0.000
roof:       26   0.000  26.000   0.000   0.000   0.000   0.000
roof:       27   0.000  27.000   0.000   0.000   0.000   0.000
roof:       28   0.000  28.000   0.000   0.000   0.000   0.000
roof:       29   0.000  29.000   0.000   0.000   0.000   0.000
roof:       25   0.000  30.000   0.000   0.000   0.000   0.000
pillar:        1   0.000   1.000   0.000   0.000   0.000   0.000
pillar:        2   0.000   2.000   0.000   0.000   0.000   0.000
pillar:        3   0.000   3.000   0.000   0.000   0.000   0.000
pillar:        4   0.000   4.000   0.000   0.000   0.000   0.000
pillar:        5   0.000   5.000   0.000   0.000   0.000   0.000
pillar:        6   0.000   6.000   0.000   0.000   0.000   0.000
pillar:        7   0.000   7.000   0.000   0.000   0.000   0.000
pillar:        8   0.000   8.000   0.000   0.000   0.000   0.000
pillar:        9   0.000   9.000   0.000   0.000   0.000   0.000
pillar:       10   0.000  10.000   0.000   0.000   0.000   0.000
pillar:       11   0.000  11.000   0.000   0.000   0.000   0.000
pillar:       12   0.000  12.000   0.000   0.000   0.000   0.000
pillar:       13   0.000  13.000   0.000   0.000   0.000   0.000
pillar:       14   0.000  14.000   0.000   0.000   0.000   0.000
pillar:       15   0.000  15.000   0.000   0.000   0.000   0.000
pillar:       16   0.000  16.000   0.000   0.000   0.000   0.000
pillar:       17   0.000  17.000   0.000   0.000   0.000   0.000
pillar:       18   0.000  18.000   0.000   0.000   0.000   0.000
pillar:       19   0.000  19.000   0.000   0.000   0.000   0.000
pillar:       20   0.000  20.000   0.000   0.000   0.000   0.000
pillar:       21   0.000  21.000   0.000   0.000   0.000   0.000
pillar:       22   0.000  22.000   0.000   0.000   0.000   0.000
pillar:       23   0.000  23.000   0.000   0.000   0.000   0.000
pillar:       24   0.000  24.000   0.000   0.000   0.000   0.000
pillar:       25   0.000  25.000   0.000   0.000   0.000   0.000
pillar:       26   0.000  26.000   0.000   0.000   0.000   0.000
pillar:       27   0.000  27.000   0.000   0.000   0.000   0.000
pillar:       28   0.000  28.000   0.000   0.000   0.000   0.000
pillar:       29   0.000  29.000   0.000   0.000   0.000   0.000
pillar:       25   0.000  30.000   0.000   0.000   0.000   0.000
Temp: 20.0
AirPressure: 1013.25
Station: BEIJINGXI
Platform: 1
RailNum: 2
Date: 20151202
Department: JIANDING
Name: WANGQIANG
RailType: 70
BiasX: 0.000
BiasY: 0.000
BiasZ: 0.000
rail:        1   0.000   0.000   0.000   0.000   0.000   0.000
roof:        2   0.000   0.000   0.000   0.000   0.000   0.000
rail:        3   0.000   0.000   0.000   0.000   0.000   0.000
Temp: 20.0
AirPressure: 1013.25
Station: BEIJINGXI
Platform: 1
RailNum: 2
Date: 20151202
Department: JIANDING
Name: WANGQIANG
RailType: 70
BiasX: 0.000
BiasY: 0.000
BiasZ: 0.000
pillar:        1   0.000   0.000   0.000   0.000   0.000   0.000
pillar:        2   0.000   0.000   0.000   0.000   0.000   0.000
pillar:        3   0.000   0.000   0.000   0.000   0.000   0.000
